$ANSIBLE_VAULT;1.1;AES256
31316239336132643433383762383135313333346466306264666634643361306564383334363935
3462656235376635343934386532393839383566623536320a656536366133643365623034373733
62656236356232336332666634636337363666306538663032373365376538613433343663303330
6362646638313230350a313862373639613362326532353661643966323036373061323863653166
32333964393835623237623331366135656530343764323830666234336131393231633231383633
31343839646331656364353132643139666366386264343163356332316165633536393539326162
34303238336235306438306636333265333432343865653939366436653637633838633034376132
35343930336432353066643339643035393864656539373632353338376239653863663962313634
62613339383366393434636131336430643032383133656138313665353037633064656162636134
61383639653564633237646435613039623135616565623238366561633232613666383163613563
63623765303135326561613765386239653662633833363530626163616438323866353362356361
30363563653564616266363861666238323639323531376436643430313730353061316336303361
33313065346330643863626433623664333536356136353138333865656336656362646439633130
61623364363434386334643362646536646235623833316238616362653232376234386366613164
62366431383731343763623362336466343439666330323139323062323637613532363230356161
35653065393661353939623331303434666563306237363830363465323063646438393934376462
32303538663536343566316365363530633938376165346464333439323532626537633764383736
39623837653863613838306539376462643461656232346537613436353636353165616261383033
31656637376333336166313735643130643863343461333930373031613735353737363564396362
34363039373034613937653033326132326635386332616434333666653266386463373138646537
38393239316237363565663763663935323539316631343365636666663832626633656562383934
61336637633364356330356132383161316366656165633937653933653030383131666632393230
35323034303762646430613863633435353432373565303934666665643061636238666631623134
34333331613234326561656132333437316563626163383236313864306261626339646262336335
6532
